FLL Scheduler GA Summary Report (ID: 2650578503264 | Hash: 7619067273618786032)

Attributes:
--------------------
rank: -1
origin: CSV Importer
mutations: 0
clones: 0
_hash: 7619067273618786032
Length: 56

Fitness:
--------------------------
BreakTime           : 0.255289
LocationConsistency : 1.000000
OpponentVariety     : 0.400000
-----------------------------------
Total               : 1.655289
Percentage          : 55.18%

Per-Objective Statistics (Team Distribution):
-----------------------------------------------------------------
Objective                 | Min      | Max      | Avg     
-----------------------------------------------------------------
BreakTime                 | 0.0000   | 1.0725   | 0.1650  
LocationConsistency       | 1.0000   | 1.0000   | 1.0000  
OpponentVariety           | 0.0000   | 0.0000   | 0.0000  

Team fitnesses (sorted by total fitness descending):
----------------------------------------------------
Max     : 2.072497
Min     : 1.000000
Range   : 1.072497
Average : 1.165000

Team |BreakTime |LocationConsistency |OpponentVariety |Sum
------------------------------------------------------------
25   |1.0725    |1.0000              |0.0000          |2.0725
26   |1.0725    |1.0000              |0.0000          |2.0725
27   |1.0725    |1.0000              |0.0000          |2.0725
28   |1.0725    |1.0000              |0.0000          |2.0725
29   |1.0725    |1.0000              |0.0000          |2.0725
30   |1.0725    |1.0000              |0.0000          |2.0725
31   |1.0725    |1.0000              |0.0000          |2.0725
32   |1.0725    |1.0000              |0.0000          |2.0725
1    |0.0000    |1.0000              |0.0000          |1.0000
2    |0.0000    |1.0000              |0.0000          |1.0000
3    |0.0000    |1.0000              |0.0000          |1.0000
4    |0.0000    |1.0000              |0.0000          |1.0000
5    |0.0000    |1.0000              |0.0000          |1.0000
6    |0.0000    |1.0000              |0.0000          |1.0000
7    |0.0000    |1.0000              |0.0000          |1.0000
8    |0.0000    |1.0000              |0.0000          |1.0000
9    |0.0000    |1.0000              |0.0000          |1.0000
10   |0.0000    |1.0000              |0.0000          |1.0000
11   |0.0000    |1.0000              |0.0000          |1.0000
12   |0.0000    |1.0000              |0.0000          |1.0000
13   |0.0000    |1.0000              |0.0000          |1.0000
14   |0.0000    |1.0000              |0.0000          |1.0000
15   |0.0000    |1.0000              |0.0000          |1.0000
16   |0.0000    |1.0000              |0.0000          |1.0000
17   |0.0000    |1.0000              |0.0000          |1.0000
18   |0.0000    |1.0000              |0.0000          |1.0000
19   |0.0000    |1.0000              |0.0000          |1.0000
20   |0.0000    |1.0000              |0.0000          |1.0000
21   |0.0000    |1.0000              |0.0000          |1.0000
22   |0.0000    |1.0000              |0.0000          |1.0000
23   |0.0000    |1.0000              |0.0000          |1.0000
24   |0.0000    |1.0000              |0.0000          |1.0000
33   |0.0000    |1.0000              |0.0000          |1.0000
34   |0.0000    |1.0000              |0.0000          |1.0000
35   |0.0000    |1.0000              |0.0000          |1.0000
36   |0.0000    |1.0000              |0.0000          |1.0000
37   |0.0000    |1.0000              |0.0000          |1.0000
38   |0.0000    |1.0000              |0.0000          |1.0000
39   |0.0000    |1.0000              |0.0000          |1.0000
40   |0.0000    |1.0000              |0.0000          |1.0000
41   |0.0000    |1.0000              |0.0000          |1.0000
42   |0.0000    |1.0000              |0.0000          |1.0000
43   |0.0000    |1.0000              |0.0000          |1.0000
44   |0.0000    |1.0000              |0.0000          |1.0000
45   |0.0000    |1.0000              |0.0000          |1.0000
46   |0.0000    |1.0000              |0.0000          |1.0000
47   |0.0000    |1.0000              |0.0000          |1.0000
48   |0.0000    |1.0000              |0.0000          |1.0000

Team Events (sorted, for dev use, diff check with others to ensure truly different schedules created):
------------------------------------------------------------
0
1
2
3
4
5
6
7
9
10
11
12
13
14
15
16
18
19
20
21
22
23
24
25
27, 54
28, 55
29, 56
30, 57
31, 58
32, 59
33, 60
34, 61
36
37
38
39
40
41
42
43
45
46
47
48
49
50
51
52
