FLL Scheduler GA Summary Report (ID: 2772378367488 | Hash: -680450440840545286)

Attributes:
--------------------
rank: -1
origin: CSV Importer
mutations: 0
clones: 0
_hash: -680450440840545286
Length: 159

Fitness:
--------------------------
BreakTime           : 0.191130442328305
LocationConsistency : 0.09396306539028597
OpponentVariety     : 0.06501899388132955
-----------------------------------
Total               : 0.3501125015999205
Percentage          : 11.67%

Per-Objective Statistics (Team Distribution):
-----------------------------------------------------------------
Objective                 | Min      | Max      | Avg      | Range   
-----------------------------------------------------------------
BreakTime                 | 0.028404 | 1.000000 | 0.629087 | 0.971596
LocationConsistency       | 0.933333 | 0.950000 | 0.937421 | 0.016667
OpponentVariety           | 0.503086 | 1.000000 | 0.990624 | 0.496914

Team fitnesses (sorted by total fitness descending):
----------------------------------------------------
Max     : 2.933333
Min     : 1.962343
Range   : 0.970990
Average : 2.557133

Team |BreakTime |LocationConsistency |OpponentVariety |Sum
------------------------------------------------------------
1    |1.000000  |0.933333            |1.000000        |2.9333
8    |1.000000  |0.933333            |1.000000        |2.9333
13   |1.000000  |0.933333            |1.000000        |2.9333
17   |1.000000  |0.933333            |1.000000        |2.9333
51   |1.000000  |0.933333            |1.000000        |2.9333
11   |0.924528  |0.950000            |1.000000        |2.8745
6    |0.922222  |0.950000            |1.000000        |2.8722
9    |0.933333  |0.933333            |1.000000        |2.8667
19   |0.932692  |0.933333            |1.000000        |2.8660
32   |0.932692  |0.933333            |1.000000        |2.8660
40   |0.924528  |0.933333            |1.000000        |2.8579
10   |0.922222  |0.933333            |1.000000        |2.8556
34   |0.922222  |0.933333            |1.000000        |2.8556
41   |0.922222  |0.933333            |1.000000        |2.8556
23   |0.894737  |0.950000            |1.000000        |2.8447
5    |0.911111  |0.933333            |1.000000        |2.8444
33   |0.911111  |0.933333            |1.000000        |2.8444
50   |0.911111  |0.933333            |1.000000        |2.8444
37   |0.894737  |0.933333            |1.000000        |2.8281
27   |0.875000  |0.950000            |1.000000        |2.8250
16   |0.888060  |0.933333            |1.000000        |2.8214
14   |0.875000  |0.933333            |1.000000        |2.8083
26   |0.875000  |0.933333            |1.000000        |2.8083
28   |0.833333  |0.950000            |1.000000        |2.7833
12   |0.816667  |0.950000            |1.000000        |2.7667
24   |0.833333  |0.933333            |1.000000        |2.7667
39   |0.833333  |0.933333            |1.000000        |2.7667
53   |0.833333  |0.933333            |1.000000        |2.7667
20   |0.830882  |0.933333            |1.000000        |2.7642
2    |0.800000  |0.933333            |1.000000        |2.7333
18   |0.783019  |0.950000            |1.000000        |2.7330
4    |0.783019  |0.933333            |1.000000        |2.7164
3    |0.720588  |0.950000            |1.000000        |2.6706
22   |0.723881  |0.933333            |1.000000        |2.6572
15   |0.700000  |0.950000            |1.000000        |2.6500
7    |0.700000  |0.933333            |1.000000        |2.6333
35   |0.932692  |0.933333            |0.503086        |2.3691
31   |0.068384  |0.950000            |1.000000        |2.0184
48   |0.063851  |0.950000            |1.000000        |2.0139
46   |0.075763  |0.933333            |1.000000        |2.0091
52   |0.068841  |0.933333            |1.000000        |2.0022
42   |0.068384  |0.933333            |1.000000        |2.0017
43   |0.068384  |0.933333            |1.000000        |2.0017
30   |0.063851  |0.933333            |1.000000        |1.9972
21   |0.061495  |0.933333            |1.000000        |1.9948
25   |0.059324  |0.933333            |1.000000        |1.9927
47   |0.058609  |0.933333            |1.000000        |1.9919
44   |0.037589  |0.950000            |1.000000        |1.9876
38   |0.028404  |0.950000            |1.000000        |1.9784
29   |0.032288  |0.933333            |1.000000        |1.9656
45   |0.030944  |0.933333            |1.000000        |1.9643
36   |0.029903  |0.933333            |1.000000        |1.9632
49   |0.029010  |0.933333            |1.000000        |1.9623

Team Events (sorted, for dev use, diff check with others to ensure truly different schedules created):
------------------------------------------------------------
0, 57, 118
1, 61, 144
2, 85, 122
3, 66, 108
4, 56, 109
5, 53, 106
6, 93, 129
7, 69, 134
8, 77, 151
9, 68, 112
10, 67, 130
11, 83, 132
12, 73, 141
13, 87, 136
14, 54, 139
15, 94, 153
16, 65, 115
17, 84, 121
18, 76, 143
19, 98, 152
20, 55, 113
21, 63, 140
22, 71, 111
23, 78, 117
24, 102, 131
25, 86, 156
26, 101, 157
27, 64, 120
28, 89, 114
29, 58, 116
30, 59, 110
31, 88, 146
32, 90, 137
33, 80, 138
34, 92, 158
35, 60, 127
36, 81, 126
37, 62, 142
38, 91, 135
39, 100, 154
40, 97, 150
41, 95, 124
42, 79, 123
43, 70, 107
44, 99, 125
45, 82, 119
46, 75, 145
47, 72, 128
48, 74, 149
49, 104, 155
50, 103, 148
51, 96, 133
52, 105, 147
