FLL Scheduler GA Summary Report (ID: 2513011837184 | Hash: -188860884548417190)

Attributes:
--------------------
rank: -1
origin: CSV Importer
mutations: 0
clones: 0
_hash: -188860884548417190
Length: 312

Fitness:
--------------------------
BreakTime           : 0.684986
LocationConsistency : 0.365772
OpponentVariety     : 0.936365
-----------------------------------
Total               : 1.987124
Percentage          : 66.24%

Team fitnesses (sorted by total fitness descending):
----------------------------------------------------
Max     : 2.299176
Min     : 1.399532
Range   : 0.899644
Average : 1.784305

Team |BreakTime |LocationConsistency |OpponentVariety |Sum
------------------------------------------------------------
38   |0.6575    |0.6417              |1.0000          |2.2992
49   |0.7585    |0.5250              |1.0000          |2.2835
23   |0.5763    |0.6417              |1.0000          |2.2180
47   |0.8411    |0.2667              |1.0000          |2.1078
46   |0.7221    |0.3500              |1.0000          |2.0721
52   |0.7196    |0.2667              |1.0000          |1.9863
25   |0.6240    |0.3500              |1.0000          |1.9740
45   |0.6186    |0.3500              |1.0000          |1.9686
37   |0.6928    |0.2667              |1.0000          |1.9595
17   |0.5815    |0.3667              |1.0000          |1.9482
48   |0.6791    |0.2667              |1.0000          |1.9458
11   |0.5870    |0.3500              |1.0000          |1.9370
34   |0.5658    |0.3667              |1.0000          |1.9325
44   |0.6392    |0.2667              |1.0000          |1.9059
50   |0.6262    |0.2667              |1.0000          |1.8929
39   |0.6019    |0.2667              |1.0000          |1.8686
41   |0.5796    |0.2667              |1.0000          |1.8463
28   |0.5772    |0.2667              |1.0000          |1.8438
16   |0.5738    |0.2667              |1.0000          |1.8405
43   |0.5676    |0.2667              |1.0000          |1.8343
40   |0.5671    |0.2667              |1.0000          |1.8338
51   |0.7907    |0.0417              |1.0000          |1.8324
12   |0.5603    |0.2667              |1.0000          |1.8269
29   |0.5579    |0.2667              |1.0000          |1.8246
4    |0.5436    |0.2667              |1.0000          |1.8102
8    |0.5410    |0.2667              |1.0000          |1.8077
20   |0.5377    |0.2667              |1.0000          |1.8043
5    |0.5351    |0.2667              |1.0000          |1.8018
9    |0.5347    |0.2667              |1.0000          |1.8014
3    |0.5282    |0.2667              |1.0000          |1.7948
30   |0.6244    |0.0667              |1.0000          |1.6911
27   |0.6309    |0.0417              |1.0000          |1.6725
42   |0.6153    |0.0500              |1.0000          |1.6653
31   |0.5582    |0.3500              |0.7528          |1.6610
24   |0.5950    |0.0417              |1.0000          |1.6366
7    |0.5771    |0.0500              |1.0000          |1.6271
2    |0.5687    |0.0500              |1.0000          |1.6187
6    |0.5711    |0.0417              |1.0000          |1.6128
14   |0.5644    |0.0417              |1.0000          |1.6061
10   |0.5517    |0.0500              |1.0000          |1.6017
13   |0.5348    |0.0667              |1.0000          |1.6015
26   |0.5565    |0.0417              |1.0000          |1.5982
36   |0.5406    |0.0500              |1.0000          |1.5906
1    |0.5337    |0.0500              |1.0000          |1.5837
19   |0.5320    |0.0500              |1.0000          |1.5820
32   |0.5624    |0.2667              |0.7528          |1.5819
35   |0.5348    |0.0417              |1.0000          |1.5765
15   |0.5185    |0.0417              |1.0000          |1.5601
18   |0.5070    |0.0500              |1.0000          |1.5570
33   |0.5098    |0.0417              |1.0000          |1.5514
22   |0.6032    |0.0500              |0.7528          |1.4060
21   |0.6051    |0.0417              |0.7528          |1.3995

Team Events (sorted, for dev use, diff check with others to ensure truly different schedules created):
------------------------------------------------------------
0, 78, 111, 189, 260, 301
1, 79, 113, 168, 245, 309
2, 80, 119, 198, 253, 296
3, 81, 120, 176, 239, 270
4, 82, 121, 192, 220, 297
5, 86, 122, 173, 251, 292
6, 87, 125, 179, 243, 308
7, 88, 124, 195, 252, 295
8, 89, 123, 182, 257, 282
9, 102, 140, 181, 232, 293
10, 103, 139, 158, 219, 294
11, 104, 142, 183, 242, 286
12, 105, 145, 205, 234, 299
13, 106, 144, 172, 227, 262
14, 109, 143, 201, 258, 284
15, 108, 146, 167, 218, 277
16, 107, 147, 163, 214, 264
17, 110, 148, 207, 248, 280
18, 54, 149, 188, 215, 263
19, 55, 150, 190, 217, 267
20, 56, 151, 186, 244, 305
21, 57, 152, 187, 259, 306
22, 58, 153, 177, 250, 276
23, 59, 154, 191, 246, 313
24, 60, 155, 171, 224, 288
25, 61, 156, 206, 256, 303
26, 62, 157, 159, 236, 298
27, 63, 93, 169, 222, 279
28, 64, 94, 196, 235, 312
29, 65, 97, 164, 240, 311
30, 66, 96, 170, 210, 265
31, 67, 95, 178, 211, 289
32, 68, 98, 208, 238, 291
33, 69, 101, 166, 237, 273
34, 70, 100, 185, 261, 290
35, 71, 99, 180, 213, 285
36, 83, 126, 161, 212, 283
37, 84, 127, 174, 255, 300
38, 85, 128, 194, 221, 287
39, 72, 129, 203, 233, 268
40, 73, 130, 204, 231, 274
41, 74, 131, 209, 254, 310
42, 75, 132, 199, 228, 269
43, 76, 133, 197, 230, 304
44, 77, 118, 193, 225, 278
45, 90, 117, 162, 223, 266
46, 91, 134, 175, 226, 307
47, 92, 135, 202, 247, 272
48, 112, 136, 160, 241, 281
49, 114, 137, 200, 249, 275
50, 115, 138, 165, 216, 271
51, 116, 141, 184, 229, 302
