FLL Scheduler GA Summary Report (ID: 2629178617280 | Hash: -8926892995282506476)

Attributes:
--------------------
rank: -1
origin: CSV Importer
mutations: 0
clones: 0
_hash: -8926892995282506476
Length: 252

Fitness:
--------------------------
BreakTime           : 0.736635
LocationConsistency : 0.300646
OpponentVariety     : 0.953033
-----------------------------------
Total               : 1.990313
Percentage          : 66.34%

Per-Objective Statistics (Team Distribution):
-----------------------------------------------------------------
Objective                 | Min      | Max      | Avg     
-----------------------------------------------------------------
BreakTime                 | 0.5542   | 0.8797   | 0.6816  
LocationConsistency       | 0.0417   | 0.9500   | 0.2294  
OpponentVariety           | 0.7533   | 1.0000   | 0.9648  

Team fitnesses (sorted by total fitness descending):
----------------------------------------------------
Max     : 2.583343
Min     : 1.503837
Range   : 1.079506
Average : 1.875699

Team |BreakTime |LocationConsistency |OpponentVariety |Sum
------------------------------------------------------------
18   |0.6333    |0.9500              |1.0000          |2.5833
9    |0.7701    |0.6417              |1.0000          |2.4117
19   |0.7366    |0.6417              |1.0000          |2.3783
20   |0.7420    |0.3667              |1.0000          |2.1086
41   |0.6765    |0.3667              |1.0000          |2.0431
35   |0.6711    |0.3667              |1.0000          |2.0378
40   |0.7624    |0.2667              |1.0000          |2.0290
2    |0.6317    |0.6417              |0.7533          |2.0267
10   |0.6673    |0.3500              |1.0000          |2.0173
39   |0.7390    |0.2667              |1.0000          |2.0057
26   |0.6056    |0.6417              |0.7533          |2.0006
31   |0.6480    |0.3500              |1.0000          |1.9980
42   |0.6268    |0.3667              |1.0000          |1.9935
37   |0.6962    |0.2667              |1.0000          |1.9629
36   |0.8797    |0.0750              |1.0000          |1.9547
17   |0.6307    |0.2667              |1.0000          |1.8974
25   |0.6214    |0.2667              |1.0000          |1.8881
28   |0.6191    |0.2667              |1.0000          |1.8857
8    |0.7971    |0.0750              |1.0000          |1.8721
3    |0.5893    |0.2667              |1.0000          |1.8560
24   |0.5802    |0.2667              |1.0000          |1.8469
38   |0.8014    |0.0417              |1.0000          |1.8431
15   |0.7699    |0.0667              |1.0000          |1.8366
7    |0.7530    |0.0667              |1.0000          |1.8197
5    |0.7529    |0.0417              |1.0000          |1.7945
33   |0.7705    |0.2667              |0.7533          |1.7904
6    |0.7123    |0.0750              |1.0000          |1.7873
16   |0.7420    |0.0417              |1.0000          |1.7837
11   |0.7147    |0.0417              |1.0000          |1.7564
29   |0.6803    |0.0667              |1.0000          |1.7470
13   |0.6740    |0.0667              |1.0000          |1.7406
30   |0.6945    |0.0417              |1.0000          |1.7362
14   |0.6626    |0.0667              |1.0000          |1.7293
27   |0.5933    |0.3667              |0.7533          |1.7132
32   |0.6688    |0.0417              |1.0000          |1.7104
12   |0.6163    |0.0417              |1.0000          |1.6580
4    |0.5837    |0.0417              |1.0000          |1.6254
21   |0.5721    |0.0500              |1.0000          |1.6221
22   |0.5542    |0.0667              |1.0000          |1.6209
23   |0.5741    |0.0417              |1.0000          |1.6157
34   |0.7276    |0.0667              |0.7533          |1.5475
1    |0.6839    |0.0667              |0.7533          |1.5038

Team Events (sorted, for dev use, diff check with others to ensure truly different schedules created):
------------------------------------------------------------
0, 66, 106, 151, 205, 238
1, 67, 108, 156, 219, 239
2, 68, 107, 177, 220, 240
3, 69, 110, 178, 207, 249
4, 70, 109, 144, 203, 255
5, 71, 111, 152, 216, 257
6, 65, 121, 139, 192, 237
7, 82, 122, 142, 191, 254
8, 83, 124, 148, 213, 259
9, 84, 123, 172, 215, 260
10, 85, 126, 138, 199, 224
11, 86, 125, 164, 201, 223
12, 87, 127, 155, 184, 241
13, 81, 137, 173, 218, 251
14, 98, 130, 145, 196, 247
15, 99, 132, 143, 185, 222
16, 100, 131, 165, 187, 234
17, 101, 134, 174, 221, 253
18, 102, 133, 150, 197, 242
19, 103, 135, 153, 210, 263
20, 97, 136, 171, 194, 226
21, 50, 114, 176, 212, 245
22, 51, 116, 161, 182, 231
23, 52, 115, 154, 189, 227
24, 53, 118, 149, 183, 244
25, 54, 117, 166, 211, 261
26, 55, 119, 167, 214, 252
27, 49, 120, 163, 208, 258
28, 42, 74, 157, 193, 246
29, 43, 76, 146, 181, 233
30, 44, 75, 159, 180, 228
31, 45, 78, 169, 204, 256
32, 46, 77, 141, 186, 248
33, 47, 79, 140, 195, 229
34, 48, 80, 160, 206, 235
35, 58, 90, 147, 198, 262
36, 59, 92, 170, 217, 236
37, 60, 91, 168, 209, 250
38, 61, 94, 162, 190, 243
39, 62, 93, 158, 188, 225
40, 63, 95, 175, 202, 232
41, 64, 96, 179, 200, 230
