FLL Scheduler GA Summary Report (ID: 1394711154576 | Hash: 4123345217562912858)

Attributes:
--------------------
rank: -1
origin: CSV Importer
mutations: 0
clones: 0
_hash: 4123345217562912858
Length: 318

Fitness:
--------------------------
BreakTime           : 0.1086305145738832
LocationConsistency : 0.0
OpponentVariety     : 0.0
-----------------------------------
Total               : 0.1086305145738832
Percentage          : 3.62%

Per-Objective Statistics (Team Distribution):
-----------------------------------------------------------------
Objective                 | Min      | Max      | Avg      | Range   
-----------------------------------------------------------------
BreakTime                 | 0.024144 | 0.892725 | 0.446575 | 0.868581
LocationConsistency       | 0.041667 | 0.641667 | 0.259277 | 0.600000
OpponentVariety           | 0.503636 | 1.000000 | 0.892655 | 0.496364

Team fitnesses (sorted by total fitness descending):
----------------------------------------------------
Max     : 2.312918
Min     : 0.826862
Range   : 1.486057
Average : 1.598506

Team |BreakTime |LocationConsistency |OpponentVariety |Sum
------------------------------------------------------------
38   |0.671252  |0.641667            |1.000000        |2.3129
25   |0.612387  |0.641667            |1.000000        |2.2541
46   |0.840520  |0.350000            |1.000000        |2.1905
51   |0.686972  |0.641667            |0.752717        |2.0814
19   |0.578839  |0.366667            |1.000000        |1.9455
48   |0.892725  |0.041667            |1.000000        |1.9344
8    |0.537198  |0.641667            |0.752717        |1.9316
18   |0.660634  |0.266667            |1.000000        |1.9273
31   |0.527465  |0.641667            |0.752717        |1.9218
15   |0.633661  |0.266667            |1.000000        |1.9003
37   |0.629290  |0.266667            |1.000000        |1.8960
27   |0.537502  |0.350000            |1.000000        |1.8875
11   |0.607274  |0.266667            |1.000000        |1.8739
17   |0.579552  |0.266667            |1.000000        |1.8462
9    |0.564419  |0.266667            |1.000000        |1.8311
4    |0.559775  |0.266667            |1.000000        |1.8264
5    |0.524181  |0.266667            |1.000000        |1.7908
50   |0.751271  |0.266667            |0.752717        |1.7707
44   |0.659701  |0.350000            |0.752717        |1.7624
43   |0.691222  |0.266667            |0.752717        |1.7106
41   |0.668061  |0.266667            |0.752717        |1.6874
3    |0.640398  |0.041667            |1.000000        |1.6821
10   |0.619384  |0.050000            |1.000000        |1.6694
13   |0.024950  |0.641667            |1.000000        |1.6666
23   |0.024696  |0.641667            |1.000000        |1.6664
16   |0.622360  |0.041667            |1.000000        |1.6640
20   |0.594893  |0.050000            |1.000000        |1.6449
12   |0.588269  |0.050000            |1.000000        |1.6383
28   |0.576246  |0.050000            |1.000000        |1.6262
6    |0.567083  |0.050000            |1.000000        |1.6171
52   |0.809867  |0.041667            |0.752717        |1.6043
45   |0.581498  |0.266667            |0.752717        |1.6009
21   |0.550335  |0.050000            |1.000000        |1.6003
34   |0.575343  |0.266667            |0.752717        |1.5947
32   |0.574365  |0.266667            |0.752717        |1.5937
29   |0.552477  |0.266667            |0.752717        |1.5719
33   |0.550375  |0.266667            |0.752717        |1.5698
47   |0.062679  |0.350000            |1.000000        |1.4127
42   |0.630444  |0.266667            |0.503636        |1.4007
30   |0.563271  |0.041667            |0.752717        |1.3577
26   |0.047796  |0.266667            |1.000000        |1.3145
14   |0.027940  |0.266667            |1.000000        |1.2946
39   |0.027154  |0.266667            |1.000000        |1.2938
35   |0.043560  |0.350000            |0.752717        |1.1463
49   |0.055161  |0.041667            |1.000000        |1.0968
24   |0.046631  |0.041667            |1.000000        |1.0883
53   |0.060714  |0.266667            |0.752717        |1.0801
22   |0.025316  |0.050000            |1.000000        |1.0753
40   |0.049033  |0.266667            |0.752717        |1.0684
1    |0.048121  |0.266667            |0.752717        |1.0675
2    |0.046159  |0.266667            |0.752717        |1.0655
7    |0.043907  |0.041667            |0.752717        |0.8383
36   |0.024144  |0.050000            |0.752717        |0.8269

Team Events (sorted, for dev use, diff check with others to ensure truly different schedules created):
------------------------------------------------------------
0, 72, 134, 195, 224, 282
1, 73, 135, 217, 262, 299
2, 74, 136, 167, 227, 310
3, 75, 120, 197, 254, 312
4, 76, 121, 202, 247, 292
5, 77, 122, 192, 267, 323
6, 78, 123, 207, 261, 290
7, 79, 124, 206, 263, 316
8, 80, 125, 187, 229, 306
9, 102, 151, 168, 251, 288
10, 103, 152, 191, 252, 322
11, 104, 153, 183, 250, 287
12, 105, 154, 210, 265, 291
13, 106, 155, 194, 255, 280
14, 107, 156, 174, 243, 317
15, 108, 157, 185, 264, 318
16, 109, 158, 215, 270, 321
17, 110, 159, 178, 239, 307
18, 54, 150, 199, 246, 304
19, 55, 142, 176, 233, 296
20, 56, 143, 188, 237, 277
21, 57, 144, 203, 228, 308
22, 58, 145, 201, 226, 293
23, 59, 146, 212, 241, 311
24, 60, 147, 173, 235, 300
25, 61, 148, 186, 221, 279
26, 62, 149, 193, 230, 286
27, 63, 93, 171, 219, 272
28, 64, 94, 182, 231, 281
29, 65, 95, 205, 266, 320
30, 66, 96, 216, 269, 314
31, 67, 97, 169, 232, 274
32, 68, 98, 189, 244, 283
33, 69, 99, 170, 222, 275
34, 70, 100, 213, 238, 294
35, 71, 101, 209, 236, 273
36, 81, 118, 198, 256, 303
37, 82, 119, 175, 234, 278
38, 83, 127, 214, 240, 315
39, 84, 128, 211, 248, 285
40, 85, 129, 184, 242, 309
41, 86, 130, 200, 258, 324
42, 87, 131, 181, 260, 319
43, 88, 132, 180, 220, 305
44, 89, 133, 218, 271, 313
45, 90, 126, 177, 249, 298
46, 91, 137, 196, 225, 276
47, 92, 138, 179, 253, 302
48, 111, 139, 208, 245, 289
49, 112, 140, 172, 259, 295
50, 113, 141, 204, 257, 301
51, 114, 160, 166, 223, 284
52, 115, 161, 190, 268, 297
